{
  "cells": [
    {
      "cell_type": "code",
      "execution_count": null,
      "metadata": {
        "id": "KyyborwO8Hkp"
      },
      "outputs": [],
      "source": [
        "import numpy as np\n",
        "import pandas as pd"
      ]
    },
    {
      "cell_type": "code",
      "execution_count": null,
      "metadata": {
        "colab": {
          "base_uri": "https://localhost:8080/",
          "height": 520
        },
        "id": "-sQ-diqR8Hks",
        "outputId": "cb895a9f-9c71-476a-e47a-67f31bf61538"
      },
      "outputs": [
        {
          "data": {
            "text/html": [
              "<div>\n",
              "<style scoped>\n",
              "    .dataframe tbody tr th:only-of-type {\n",
              "        vertical-align: middle;\n",
              "    }\n",
              "\n",
              "    .dataframe tbody tr th {\n",
              "        vertical-align: top;\n",
              "    }\n",
              "\n",
              "    .dataframe thead th {\n",
              "        text-align: right;\n",
              "    }\n",
              "</style>\n",
              "<table border=\"1\" class=\"dataframe\">\n",
              "  <thead>\n",
              "    <tr style=\"text-align: right;\">\n",
              "      <th></th>\n",
              "      <th>0</th>\n",
              "      <th>1</th>\n",
              "      <th>2</th>\n",
              "      <th>3</th>\n",
              "      <th>4</th>\n",
              "      <th>5</th>\n",
              "      <th>6</th>\n",
              "      <th>7</th>\n",
              "      <th>8</th>\n",
              "      <th>9</th>\n",
              "      <th>10</th>\n",
              "      <th>11</th>\n",
              "      <th>12</th>\n",
              "      <th>13</th>\n",
              "      <th>14</th>\n",
              "    </tr>\n",
              "  </thead>\n",
              "  <tbody>\n",
              "    <tr>\n",
              "      <th>0</th>\n",
              "      <td>0.00</td>\n",
              "      <td>241.42</td>\n",
              "      <td>80.78</td>\n",
              "      <td>59.22</td>\n",
              "      <td>80.24</td>\n",
              "      <td>57.85</td>\n",
              "      <td>115.19</td>\n",
              "      <td>209.32</td>\n",
              "      <td>119.36</td>\n",
              "      <td>51.81</td>\n",
              "      <td>25.98</td>\n",
              "      <td>41.40</td>\n",
              "      <td>204.34</td>\n",
              "      <td>139.60</td>\n",
              "      <td>231.00</td>\n",
              "    </tr>\n",
              "    <tr>\n",
              "      <th>1</th>\n",
              "      <td>241.42</td>\n",
              "      <td>0.00</td>\n",
              "      <td>183.66</td>\n",
              "      <td>296.98</td>\n",
              "      <td>256.23</td>\n",
              "      <td>183.57</td>\n",
              "      <td>133.08</td>\n",
              "      <td>139.73</td>\n",
              "      <td>221.60</td>\n",
              "      <td>227.80</td>\n",
              "      <td>238.46</td>\n",
              "      <td>223.04</td>\n",
              "      <td>306.59</td>\n",
              "      <td>241.85</td>\n",
              "      <td>28.56</td>\n",
              "    </tr>\n",
              "    <tr>\n",
              "      <th>2</th>\n",
              "      <td>80.78</td>\n",
              "      <td>183.66</td>\n",
              "      <td>0.00</td>\n",
              "      <td>140.00</td>\n",
              "      <td>151.89</td>\n",
              "      <td>129.50</td>\n",
              "      <td>186.84</td>\n",
              "      <td>268.83</td>\n",
              "      <td>191.00</td>\n",
              "      <td>123.46</td>\n",
              "      <td>54.80</td>\n",
              "      <td>39.38</td>\n",
              "      <td>275.99</td>\n",
              "      <td>211.25</td>\n",
              "      <td>150.82</td>\n",
              "    </tr>\n",
              "    <tr>\n",
              "      <th>3</th>\n",
              "      <td>59.22</td>\n",
              "      <td>296.98</td>\n",
              "      <td>140.00</td>\n",
              "      <td>0.00</td>\n",
              "      <td>135.80</td>\n",
              "      <td>113.41</td>\n",
              "      <td>169.41</td>\n",
              "      <td>264.88</td>\n",
              "      <td>174.92</td>\n",
              "      <td>107.38</td>\n",
              "      <td>85.20</td>\n",
              "      <td>100.62</td>\n",
              "      <td>259.90</td>\n",
              "      <td>195.16</td>\n",
              "      <td>325.54</td>\n",
              "    </tr>\n",
              "    <tr>\n",
              "      <th>4</th>\n",
              "      <td>80.24</td>\n",
              "      <td>256.23</td>\n",
              "      <td>151.89</td>\n",
              "      <td>135.80</td>\n",
              "      <td>0.00</td>\n",
              "      <td>84.40</td>\n",
              "      <td>125.78</td>\n",
              "      <td>224.13</td>\n",
              "      <td>134.17</td>\n",
              "      <td>29.50</td>\n",
              "      <td>97.09</td>\n",
              "      <td>112.51</td>\n",
              "      <td>219.15</td>\n",
              "      <td>154.41</td>\n",
              "      <td>284.79</td>\n",
              "    </tr>\n",
              "    <tr>\n",
              "      <th>5</th>\n",
              "      <td>57.85</td>\n",
              "      <td>183.57</td>\n",
              "      <td>129.50</td>\n",
              "      <td>113.41</td>\n",
              "      <td>84.40</td>\n",
              "      <td>0.00</td>\n",
              "      <td>53.12</td>\n",
              "      <td>151.47</td>\n",
              "      <td>61.51</td>\n",
              "      <td>48.69</td>\n",
              "      <td>74.70</td>\n",
              "      <td>90.12</td>\n",
              "      <td>146.49</td>\n",
              "      <td>81.75</td>\n",
              "      <td>212.13</td>\n",
              "    </tr>\n",
              "    <tr>\n",
              "      <th>6</th>\n",
              "      <td>115.19</td>\n",
              "      <td>133.08</td>\n",
              "      <td>186.84</td>\n",
              "      <td>169.41</td>\n",
              "      <td>125.78</td>\n",
              "      <td>53.12</td>\n",
              "      <td>0.00</td>\n",
              "      <td>100.98</td>\n",
              "      <td>91.16</td>\n",
              "      <td>101.81</td>\n",
              "      <td>132.04</td>\n",
              "      <td>147.46</td>\n",
              "      <td>176.14</td>\n",
              "      <td>111.40</td>\n",
              "      <td>161.64</td>\n",
              "    </tr>\n",
              "    <tr>\n",
              "      <th>7</th>\n",
              "      <td>209.32</td>\n",
              "      <td>139.73</td>\n",
              "      <td>268.88</td>\n",
              "      <td>264.88</td>\n",
              "      <td>224.13</td>\n",
              "      <td>151.47</td>\n",
              "      <td>100.98</td>\n",
              "      <td>0.00</td>\n",
              "      <td>189.51</td>\n",
              "      <td>200.16</td>\n",
              "      <td>214.03</td>\n",
              "      <td>229.45</td>\n",
              "      <td>274.49</td>\n",
              "      <td>209.75</td>\n",
              "      <td>168.29</td>\n",
              "    </tr>\n",
              "    <tr>\n",
              "      <th>8</th>\n",
              "      <td>119.36</td>\n",
              "      <td>221.60</td>\n",
              "      <td>174.92</td>\n",
              "      <td>174.92</td>\n",
              "      <td>134.17</td>\n",
              "      <td>61.51</td>\n",
              "      <td>91.16</td>\n",
              "      <td>189.51</td>\n",
              "      <td>0.00</td>\n",
              "      <td>110.20</td>\n",
              "      <td>136.20</td>\n",
              "      <td>151.62</td>\n",
              "      <td>86.68</td>\n",
              "      <td>21.94</td>\n",
              "      <td>250.16</td>\n",
              "    </tr>\n",
              "    <tr>\n",
              "      <th>9</th>\n",
              "      <td>51.81</td>\n",
              "      <td>227.80</td>\n",
              "      <td>107.38</td>\n",
              "      <td>107.38</td>\n",
              "      <td>29.50</td>\n",
              "      <td>48.69</td>\n",
              "      <td>101.81</td>\n",
              "      <td>200.16</td>\n",
              "      <td>110.20</td>\n",
              "      <td>0.00</td>\n",
              "      <td>68.66</td>\n",
              "      <td>84.08</td>\n",
              "      <td>195.19</td>\n",
              "      <td>130.45</td>\n",
              "      <td>256.36</td>\n",
              "    </tr>\n",
              "    <tr>\n",
              "      <th>10</th>\n",
              "      <td>25.98</td>\n",
              "      <td>238.46</td>\n",
              "      <td>54.80</td>\n",
              "      <td>85.20</td>\n",
              "      <td>97.09</td>\n",
              "      <td>74.70</td>\n",
              "      <td>132.04</td>\n",
              "      <td>214.03</td>\n",
              "      <td>136.20</td>\n",
              "      <td>68.66</td>\n",
              "      <td>0.00</td>\n",
              "      <td>15.42</td>\n",
              "      <td>221.19</td>\n",
              "      <td>156.45</td>\n",
              "      <td>267.02</td>\n",
              "    </tr>\n",
              "    <tr>\n",
              "      <th>11</th>\n",
              "      <td>41.40</td>\n",
              "      <td>223.04</td>\n",
              "      <td>39.38</td>\n",
              "      <td>100.62</td>\n",
              "      <td>112.51</td>\n",
              "      <td>90.12</td>\n",
              "      <td>147.46</td>\n",
              "      <td>229.45</td>\n",
              "      <td>151.62</td>\n",
              "      <td>84.08</td>\n",
              "      <td>15.42</td>\n",
              "      <td>0.00</td>\n",
              "      <td>236.61</td>\n",
              "      <td>171.87</td>\n",
              "      <td>251.60</td>\n",
              "    </tr>\n",
              "    <tr>\n",
              "      <th>12</th>\n",
              "      <td>204.34</td>\n",
              "      <td>306.59</td>\n",
              "      <td>275.99</td>\n",
              "      <td>259.90</td>\n",
              "      <td>219.15</td>\n",
              "      <td>146.49</td>\n",
              "      <td>176.14</td>\n",
              "      <td>274.49</td>\n",
              "      <td>86.68</td>\n",
              "      <td>195.19</td>\n",
              "      <td>221.19</td>\n",
              "      <td>236.61</td>\n",
              "      <td>0.00</td>\n",
              "      <td>108.62</td>\n",
              "      <td>335.15</td>\n",
              "    </tr>\n",
              "    <tr>\n",
              "      <th>13</th>\n",
              "      <td>139.60</td>\n",
              "      <td>241.85</td>\n",
              "      <td>211.25</td>\n",
              "      <td>195.16</td>\n",
              "      <td>154.41</td>\n",
              "      <td>81.75</td>\n",
              "      <td>111.40</td>\n",
              "      <td>209.75</td>\n",
              "      <td>21.94</td>\n",
              "      <td>130.45</td>\n",
              "      <td>156.45</td>\n",
              "      <td>171.87</td>\n",
              "      <td>108.62</td>\n",
              "      <td>0.00</td>\n",
              "      <td>270.41</td>\n",
              "    </tr>\n",
              "    <tr>\n",
              "      <th>14</th>\n",
              "      <td>231.00</td>\n",
              "      <td>28.56</td>\n",
              "      <td>150.82</td>\n",
              "      <td>325.54</td>\n",
              "      <td>284.79</td>\n",
              "      <td>212.13</td>\n",
              "      <td>161.64</td>\n",
              "      <td>168.29</td>\n",
              "      <td>250.16</td>\n",
              "      <td>256.36</td>\n",
              "      <td>267.02</td>\n",
              "      <td>251.60</td>\n",
              "      <td>335.15</td>\n",
              "      <td>270.41</td>\n",
              "      <td>0.00</td>\n",
              "    </tr>\n",
              "  </tbody>\n",
              "</table>\n",
              "</div>"
            ],
            "text/plain": [
              "         0       1       2       3       4       5       6       7       8  \\\n",
              "0     0.00  241.42   80.78   59.22   80.24   57.85  115.19  209.32  119.36   \n",
              "1   241.42    0.00  183.66  296.98  256.23  183.57  133.08  139.73  221.60   \n",
              "2    80.78  183.66    0.00  140.00  151.89  129.50  186.84  268.83  191.00   \n",
              "3    59.22  296.98  140.00    0.00  135.80  113.41  169.41  264.88  174.92   \n",
              "4    80.24  256.23  151.89  135.80    0.00   84.40  125.78  224.13  134.17   \n",
              "5    57.85  183.57  129.50  113.41   84.40    0.00   53.12  151.47   61.51   \n",
              "6   115.19  133.08  186.84  169.41  125.78   53.12    0.00  100.98   91.16   \n",
              "7   209.32  139.73  268.88  264.88  224.13  151.47  100.98    0.00  189.51   \n",
              "8   119.36  221.60  174.92  174.92  134.17   61.51   91.16  189.51    0.00   \n",
              "9    51.81  227.80  107.38  107.38   29.50   48.69  101.81  200.16  110.20   \n",
              "10   25.98  238.46   54.80   85.20   97.09   74.70  132.04  214.03  136.20   \n",
              "11   41.40  223.04   39.38  100.62  112.51   90.12  147.46  229.45  151.62   \n",
              "12  204.34  306.59  275.99  259.90  219.15  146.49  176.14  274.49   86.68   \n",
              "13  139.60  241.85  211.25  195.16  154.41   81.75  111.40  209.75   21.94   \n",
              "14  231.00   28.56  150.82  325.54  284.79  212.13  161.64  168.29  250.16   \n",
              "\n",
              "         9      10      11      12      13      14  \n",
              "0    51.81   25.98   41.40  204.34  139.60  231.00  \n",
              "1   227.80  238.46  223.04  306.59  241.85   28.56  \n",
              "2   123.46   54.80   39.38  275.99  211.25  150.82  \n",
              "3   107.38   85.20  100.62  259.90  195.16  325.54  \n",
              "4    29.50   97.09  112.51  219.15  154.41  284.79  \n",
              "5    48.69   74.70   90.12  146.49   81.75  212.13  \n",
              "6   101.81  132.04  147.46  176.14  111.40  161.64  \n",
              "7   200.16  214.03  229.45  274.49  209.75  168.29  \n",
              "8   110.20  136.20  151.62   86.68   21.94  250.16  \n",
              "9     0.00   68.66   84.08  195.19  130.45  256.36  \n",
              "10   68.66    0.00   15.42  221.19  156.45  267.02  \n",
              "11   84.08   15.42    0.00  236.61  171.87  251.60  \n",
              "12  195.19  221.19  236.61    0.00  108.62  335.15  \n",
              "13  130.45  156.45  171.87  108.62    0.00  270.41  \n",
              "14  256.36  267.02  251.60  335.15  270.41    0.00  "
            ]
          },
          "execution_count": 2,
          "metadata": {},
          "output_type": "execute_result"
        }
      ],
      "source": [
        "url='https://drive.google.com/file/d/1ytWqOwYHpwWTCkK2wIel34T_HtHrPRFe/view'\n",
        "url='https://drive.google.com/uc?id=' + url.split('/')[-2]\n",
        "kota = pd.read_csv(url)\n",
        "kota.head(15)"
      ]
    },
    {
      "cell_type": "code",
      "execution_count": null,
      "metadata": {
        "id": "MZclaM158Hks"
      },
      "outputs": [],
      "source": [
        "# Fungsi untuk mencari distance\n",
        "def calc_dist(X, adj_mat):\n",
        "    return sum( map( lambda x,y: adj_mat[x,y] ,X,np.roll(X,-1) ))"
      ]
    },
    {
      "cell_type": "code",
      "execution_count": null,
      "metadata": {
        "colab": {
          "base_uri": "https://localhost:8080/"
        },
        "id": "G5BN4Z7R8Hkt",
        "outputId": "b4d81b86-0dfc-4da1-92b2-c7f72a509412"
      },
      "outputs": [
        {
          "data": {
            "text/plain": [
              "array([[ 7.28571795, 12.87929208, 13.38692415,  4.37629327,  4.69776996,\n",
              "         3.90345443,  6.07494472, 10.91164141,  1.16580247, 12.60310908,\n",
              "         5.26870056,  8.7874722 , 11.67011346, 11.70503964, 11.33209754],\n",
              "       [10.308518  ,  5.11486882, 12.95861256, 14.99893713,  8.88532258,\n",
              "         7.46690252,  9.55287839,  9.4918383 ,  2.35029223, 11.42424238,\n",
              "         8.19356684,  7.95188288,  4.63366892, 11.764934  ,  9.88139491],\n",
              "       [ 1.88445356,  7.908644  , 10.31201779,  7.94874585,  4.22889584,\n",
              "         7.89833929, 13.72543718,  5.29239722, 13.17042478, 11.5819828 ,\n",
              "         4.95147884,  2.57571245,  8.17536508,  6.56684314,  3.43859528],\n",
              "       [12.34453425,  5.27525415,  9.250863  ,  7.91637266,  1.10465826,\n",
              "        12.92499821,  2.54318699, 11.36718126, 14.23008777, 13.47123425,\n",
              "        11.41760457,  1.48876781,  5.86454946, 13.19109565,  7.13286676],\n",
              "       [ 1.00830933,  1.28861912,  8.46818547,  2.96581017,  7.06361261,\n",
              "        10.27409854, 11.91189534,  2.0000903 , 14.97233365,  3.89051747,\n",
              "         8.96754239,  8.47930046, 13.8324356 ,  3.8609993 ,  3.62576617],\n",
              "       [ 2.72529237,  8.626724  , 12.34751714,  9.81109505,  1.86606343,\n",
              "         6.89937508, 14.26111953,  7.96963235,  9.48905059, 10.082814  ,\n",
              "        12.91602654,  4.08860345,  9.43580947,  5.44281848,  8.08070839],\n",
              "       [ 1.24612797,  9.80707498, 12.88592342, 14.43481116,  2.92567289,\n",
              "        10.5636882 ,  7.83354398,  9.53001506, 11.85225544,  3.02670307,\n",
              "         1.20080407,  6.6306783 ,  9.37417154, 11.83593169,  9.82854484],\n",
              "       [ 3.54172017,  8.35285508,  7.34710284, 11.59935776, 12.31048403,\n",
              "         7.72347653, 13.39334327,  2.20180125,  9.20038932,  3.4513085 ,\n",
              "         6.02791149, 10.40268806,  1.52550681,  1.75359155,  8.58026155],\n",
              "       [10.265004  , 11.43251049, 11.50356025,  6.17220729,  4.41084909,\n",
              "        14.89134404, 13.72080904,  2.34769898,  1.15801466,  4.43344506,\n",
              "         9.65169974, 10.03844168,  7.0505532 ,  1.17634559,  8.0360735 ],\n",
              "       [13.08116759,  2.08889608, 14.96307905,  1.96912203, 11.28925101,\n",
              "         9.853954  , 11.62636214, 13.02608112,  9.655756  ,  1.54591156,\n",
              "         2.02586838,  6.4716311 , 12.43262107,  7.15907872,  6.61729384],\n",
              "       [ 8.53337447,  1.93027968, 14.12549743,  4.98667053,  4.90894345,\n",
              "        11.09918605,  9.00180324,  6.00865875,  8.60518553,  6.53465878,\n",
              "        13.52969353, 12.06311232,  8.52954411, 10.69238023,  9.26909141],\n",
              "       [ 6.84395171, 13.3462518 , 10.48491201, 12.92538178,  9.58111828,\n",
              "         6.10510714, 14.65172034,  7.06744724, 10.83531675, 10.69701175,\n",
              "        13.59342271, 12.78368674,  2.55316405,  8.32942355, 11.70321109],\n",
              "       [ 7.96919104,  6.23515904, 11.98605059,  5.80029416, 11.04399048,\n",
              "        11.67097243,  3.85095827, 10.12863289, 12.42829714, 12.63838922,\n",
              "         1.835271  ,  3.99925316,  1.13300192,  4.92326185,  8.75808015],\n",
              "       [ 2.04607382, 10.21592599,  2.95349825,  5.52555516,  7.33906537,\n",
              "        14.55785327,  3.91414852,  5.76018904,  3.53621475,  9.3995513 ,\n",
              "         6.64386327,  1.65354604,  9.58347517,  7.35040713,  1.87569244],\n",
              "       [ 6.16274641,  7.08588118,  9.71091037,  8.44978137, 11.51925723,\n",
              "         2.15421264,  7.60847472,  7.706503  ,  3.05412167,  2.8255774 ,\n",
              "         3.91626324,  5.72200783, 12.80570542,  3.65578919,  4.24937949],\n",
              "       [ 9.00882847,  7.81522003,  3.38889842,  3.01614551, 10.17833229,\n",
              "        12.98255208, 10.34759444,  5.91241252,  4.47318871,  8.57768982,\n",
              "         6.91065952,  2.6466437 , 11.85134093, 12.35835238, 13.26929701],\n",
              "       [ 9.20945393, 10.80519424, 14.41150316,  6.41556731,  5.80919758,\n",
              "         2.97719011,  8.35815115,  7.40778844,  1.21278831,  2.42809945,\n",
              "        11.02932365, 12.45827155,  3.92795426,  1.66593756, 14.6649156 ],\n",
              "       [ 1.05981846,  1.39328804, 10.16236978,  6.31240923, 13.45214448,\n",
              "        13.85660294,  3.91723562,  5.18570016, 14.02713515,  8.11359315,\n",
              "         2.31709169, 14.69474318,  6.33054272, 12.56842407,  4.25538833],\n",
              "       [12.33472392,  7.31576292,  1.44242529,  8.65166415,  7.43744668,\n",
              "         4.11962047,  1.1235954 ,  5.22046184,  5.08985245,  9.09028694,\n",
              "        11.59517229,  9.94038927,  8.23101848, 12.62237643,  2.78944142],\n",
              "       [ 9.14022006,  6.76196814, 10.77414365,  3.38536884,  8.74651846,\n",
              "         3.5233218 , 12.41149025,  5.92953291, 10.25900065,  2.88809544,\n",
              "         5.41791134,  8.55289654,  6.81623749,  3.61942774, 14.03062685]])"
            ]
          },
          "execution_count": 4,
          "metadata": {},
          "output_type": "execute_result"
        }
      ],
      "source": [
        "# Parameter\n",
        "n_kota = len(kota.columns) # Jumlah Kota\n",
        "n_individu = 20 # Jumlah individu\n",
        "a = 1\n",
        "b = 15\n",
        "\n",
        "#Generate Individu\n",
        "gen_individu = lambda n_individu,n_kota,a,b: np.random.uniform(a,b,(n_individu,n_kota))\n",
        "kunangs = gen_individu(n_individu,n_kota,a,b)\n",
        "kunangs"
      ]
    },
    {
      "cell_type": "code",
      "execution_count": null,
      "metadata": {
        "id": "UrU1ZtEM8Hkt"
      },
      "outputs": [],
      "source": [
        "def diskritisasi(kunangs):\n",
        "    return np.argsort(kunangs) # Diskritisasi menggunakan fungsi argsort "
      ]
    },
    {
      "cell_type": "code",
      "execution_count": null,
      "metadata": {
        "id": "FtnAmj678Hku"
      },
      "outputs": [],
      "source": [
        "# Mengitung Fiteness\n",
        "def calculate_fitness(kunangs,kota):\n",
        "    d_kunangs = diskritisasi(kunangs) # menggunakan diskritisasi\n",
        "    fitness = np.array(list(map(lambda x: calc_dist(x ,kota.values), d_kunangs) )) # fungsi mengitung fitness(ubah menjadi array)\n",
        "    fitness = fitness.reshape( (-1,1) )\n",
        "    return np.concatenate( (kunangs,fitness),axis=1) # cocatenate kunang-kunang dengan fitnes"
      ]
    },
    {
      "cell_type": "code",
      "execution_count": null,
      "metadata": {
        "colab": {
          "base_uri": "https://localhost:8080/"
        },
        "id": "Q93PIzuz8Hku",
        "outputId": "c91394ad-29f4-4e5c-9000-73f76ab19e83"
      },
      "outputs": [
        {
          "data": {
            "text/plain": [
              "array([[7.28571795e+00, 1.28792921e+01, 1.33869242e+01, 4.37629327e+00,\n",
              "        4.69776996e+00, 3.90345443e+00, 6.07494472e+00, 1.09116414e+01,\n",
              "        1.16580247e+00, 1.26031091e+01, 5.26870056e+00, 8.78747220e+00,\n",
              "        1.16701135e+01, 1.17050396e+01, 1.13320975e+01, 2.27086000e+03],\n",
              "       [1.03085180e+01, 5.11486882e+00, 1.29586126e+01, 1.49989371e+01,\n",
              "        8.88532258e+00, 7.46690252e+00, 9.55287839e+00, 9.49183830e+00,\n",
              "        2.35029223e+00, 1.14242424e+01, 8.19356684e+00, 7.95188288e+00,\n",
              "        4.63366892e+00, 1.17649340e+01, 9.88139491e+00, 2.20565000e+03],\n",
              "       [1.88445356e+00, 7.90864400e+00, 1.03120178e+01, 7.94874585e+00,\n",
              "        4.22889584e+00, 7.89833929e+00, 1.37254372e+01, 5.29239722e+00,\n",
              "        1.31704248e+01, 1.15819828e+01, 4.95147884e+00, 2.57571245e+00,\n",
              "        8.17536508e+00, 6.56684314e+00, 3.43859528e+00, 2.63686000e+03],\n",
              "       [1.23445342e+01, 5.27525415e+00, 9.25086300e+00, 7.91637266e+00,\n",
              "        1.10465826e+00, 1.29249982e+01, 2.54318699e+00, 1.13671813e+01,\n",
              "        1.42300878e+01, 1.34712342e+01, 1.14176046e+01, 1.48876781e+00,\n",
              "        5.86454946e+00, 1.31910956e+01, 7.13286676e+00, 2.52359000e+03],\n",
              "       [1.00830933e+00, 1.28861912e+00, 8.46818547e+00, 2.96581017e+00,\n",
              "        7.06361261e+00, 1.02740985e+01, 1.19118953e+01, 2.00009030e+00,\n",
              "        1.49723337e+01, 3.89051747e+00, 8.96754239e+00, 8.47930046e+00,\n",
              "        1.38324356e+01, 3.86099930e+00, 3.62576617e+00, 2.11862000e+03],\n",
              "       [2.72529237e+00, 8.62672400e+00, 1.23475171e+01, 9.81109505e+00,\n",
              "        1.86606343e+00, 6.89937508e+00, 1.42611195e+01, 7.96963235e+00,\n",
              "        9.48905059e+00, 1.00828140e+01, 1.29160265e+01, 4.08860345e+00,\n",
              "        9.43580947e+00, 5.44281848e+00, 8.08070839e+00, 1.81915000e+03],\n",
              "       [1.24612797e+00, 9.80707498e+00, 1.28859234e+01, 1.44348112e+01,\n",
              "        2.92567289e+00, 1.05636882e+01, 7.83354398e+00, 9.53001506e+00,\n",
              "        1.18522554e+01, 3.02670307e+00, 1.20080407e+00, 6.63067830e+00,\n",
              "        9.37417154e+00, 1.18359317e+01, 9.82854484e+00, 1.70212000e+03],\n",
              "       [3.54172017e+00, 8.35285508e+00, 7.34710284e+00, 1.15993578e+01,\n",
              "        1.23104840e+01, 7.72347653e+00, 1.33933433e+01, 2.20180125e+00,\n",
              "        9.20038932e+00, 3.45130850e+00, 6.02791149e+00, 1.04026881e+01,\n",
              "        1.52550681e+00, 1.75359155e+00, 8.58026155e+00, 1.93287000e+03],\n",
              "       [1.02650040e+01, 1.14325105e+01, 1.15035603e+01, 6.17220729e+00,\n",
              "        4.41084909e+00, 1.48913440e+01, 1.37208090e+01, 2.34769898e+00,\n",
              "        1.15801466e+00, 4.43344506e+00, 9.65169974e+00, 1.00384417e+01,\n",
              "        7.05055320e+00, 1.17634559e+00, 8.03607350e+00, 2.23814000e+03],\n",
              "       [1.30811676e+01, 2.08889608e+00, 1.49630791e+01, 1.96912203e+00,\n",
              "        1.12892510e+01, 9.85395400e+00, 1.16263621e+01, 1.30260811e+01,\n",
              "        9.65575600e+00, 1.54591156e+00, 2.02586838e+00, 6.47163110e+00,\n",
              "        1.24326211e+01, 7.15907872e+00, 6.61729384e+00, 2.33391000e+03],\n",
              "       [8.53337447e+00, 1.93027968e+00, 1.41254974e+01, 4.98667053e+00,\n",
              "        4.90894345e+00, 1.10991861e+01, 9.00180324e+00, 6.00865875e+00,\n",
              "        8.60518553e+00, 6.53465878e+00, 1.35296935e+01, 1.20631123e+01,\n",
              "        8.52954411e+00, 1.06923802e+01, 9.26909141e+00, 2.32492000e+03],\n",
              "       [6.84395171e+00, 1.33462518e+01, 1.04849120e+01, 1.29253818e+01,\n",
              "        9.58111828e+00, 6.10510714e+00, 1.46517203e+01, 7.06744724e+00,\n",
              "        1.08353168e+01, 1.06970117e+01, 1.35934227e+01, 1.27836867e+01,\n",
              "        2.55316405e+00, 8.32942355e+00, 1.17032111e+01, 2.60937000e+03],\n",
              "       [7.96919104e+00, 6.23515904e+00, 1.19860506e+01, 5.80029416e+00,\n",
              "        1.10439905e+01, 1.16709724e+01, 3.85095827e+00, 1.01286329e+01,\n",
              "        1.24282971e+01, 1.26383892e+01, 1.83527100e+00, 3.99925316e+00,\n",
              "        1.13300192e+00, 4.92326185e+00, 8.75808015e+00, 2.73983000e+03],\n",
              "       [2.04607382e+00, 1.02159260e+01, 2.95349825e+00, 5.52555516e+00,\n",
              "        7.33906537e+00, 1.45578533e+01, 3.91414852e+00, 5.76018904e+00,\n",
              "        3.53621475e+00, 9.39955130e+00, 6.64386327e+00, 1.65354604e+00,\n",
              "        9.58347517e+00, 7.35040713e+00, 1.87569244e+00, 2.65128000e+03],\n",
              "       [6.16274641e+00, 7.08588118e+00, 9.71091037e+00, 8.44978137e+00,\n",
              "        1.15192572e+01, 2.15421264e+00, 7.60847472e+00, 7.70650300e+00,\n",
              "        3.05412167e+00, 2.82557740e+00, 3.91626324e+00, 5.72200783e+00,\n",
              "        1.28057054e+01, 3.65578919e+00, 4.24937949e+00, 2.29519000e+03],\n",
              "       [9.00882847e+00, 7.81522003e+00, 3.38889842e+00, 3.01614551e+00,\n",
              "        1.01783323e+01, 1.29825521e+01, 1.03475944e+01, 5.91241252e+00,\n",
              "        4.47318871e+00, 8.57768982e+00, 6.91065952e+00, 2.64664370e+00,\n",
              "        1.18513409e+01, 1.23583524e+01, 1.32692970e+01, 2.38949000e+03],\n",
              "       [9.20945393e+00, 1.08051942e+01, 1.44115032e+01, 6.41556731e+00,\n",
              "        5.80919758e+00, 2.97719011e+00, 8.35815115e+00, 7.40778844e+00,\n",
              "        1.21278831e+00, 2.42809945e+00, 1.10293236e+01, 1.24582716e+01,\n",
              "        3.92795426e+00, 1.66593756e+00, 1.46649156e+01, 2.11923000e+03],\n",
              "       [1.05981846e+00, 1.39328804e+00, 1.01623698e+01, 6.31240923e+00,\n",
              "        1.34521445e+01, 1.38566029e+01, 3.91723562e+00, 5.18570016e+00,\n",
              "        1.40271351e+01, 8.11359315e+00, 2.31709169e+00, 1.46947432e+01,\n",
              "        6.33054272e+00, 1.25684241e+01, 4.25538833e+00, 2.47379000e+03],\n",
              "       [1.23347239e+01, 7.31576292e+00, 1.44242529e+00, 8.65166415e+00,\n",
              "        7.43744668e+00, 4.11962047e+00, 1.12359540e+00, 5.22046184e+00,\n",
              "        5.08985245e+00, 9.09028694e+00, 1.15951723e+01, 9.94038927e+00,\n",
              "        8.23101848e+00, 1.26223764e+01, 2.78944142e+00, 2.15968000e+03],\n",
              "       [9.14022006e+00, 6.76196814e+00, 1.07741437e+01, 3.38536884e+00,\n",
              "        8.74651846e+00, 3.52332180e+00, 1.24114902e+01, 5.92953291e+00,\n",
              "        1.02590006e+01, 2.88809544e+00, 5.41791134e+00, 8.55289654e+00,\n",
              "        6.81623749e+00, 3.61942774e+00, 1.40306269e+01, 2.44782000e+03]])"
            ]
          },
          "execution_count": 7,
          "metadata": {},
          "output_type": "execute_result"
        }
      ],
      "source": [
        "calculate_fitness(kunangs,kota)"
      ]
    },
    {
      "cell_type": "code",
      "execution_count": null,
      "metadata": {
        "id": "OXgYluEG8Hkv"
      },
      "outputs": [],
      "source": [
        "def sort_individu(kunangs_with_f):\n",
        "    return kunangs_with_f[kunangs_with_f[:,-1].argsort()] # sort berdasarkan fitnes"
      ]
    },
    {
      "cell_type": "code",
      "execution_count": null,
      "metadata": {
        "colab": {
          "base_uri": "https://localhost:8080/"
        },
        "id": "JZh4KJvT8Hkv",
        "outputId": "ba6af2fe-79b8-415d-f485-49f725356709"
      },
      "outputs": [
        {
          "data": {
            "text/plain": [
              "array([[1.24612797e+00, 9.80707498e+00, 1.28859234e+01, 1.44348112e+01,\n",
              "        2.92567289e+00, 1.05636882e+01, 7.83354398e+00, 9.53001506e+00,\n",
              "        1.18522554e+01, 3.02670307e+00, 1.20080407e+00, 6.63067830e+00,\n",
              "        9.37417154e+00, 1.18359317e+01, 9.82854484e+00, 1.70212000e+03],\n",
              "       [2.72529237e+00, 8.62672400e+00, 1.23475171e+01, 9.81109505e+00,\n",
              "        1.86606343e+00, 6.89937508e+00, 1.42611195e+01, 7.96963235e+00,\n",
              "        9.48905059e+00, 1.00828140e+01, 1.29160265e+01, 4.08860345e+00,\n",
              "        9.43580947e+00, 5.44281848e+00, 8.08070839e+00, 1.81915000e+03],\n",
              "       [3.54172017e+00, 8.35285508e+00, 7.34710284e+00, 1.15993578e+01,\n",
              "        1.23104840e+01, 7.72347653e+00, 1.33933433e+01, 2.20180125e+00,\n",
              "        9.20038932e+00, 3.45130850e+00, 6.02791149e+00, 1.04026881e+01,\n",
              "        1.52550681e+00, 1.75359155e+00, 8.58026155e+00, 1.93287000e+03],\n",
              "       [1.00830933e+00, 1.28861912e+00, 8.46818547e+00, 2.96581017e+00,\n",
              "        7.06361261e+00, 1.02740985e+01, 1.19118953e+01, 2.00009030e+00,\n",
              "        1.49723337e+01, 3.89051747e+00, 8.96754239e+00, 8.47930046e+00,\n",
              "        1.38324356e+01, 3.86099930e+00, 3.62576617e+00, 2.11862000e+03],\n",
              "       [9.20945393e+00, 1.08051942e+01, 1.44115032e+01, 6.41556731e+00,\n",
              "        5.80919758e+00, 2.97719011e+00, 8.35815115e+00, 7.40778844e+00,\n",
              "        1.21278831e+00, 2.42809945e+00, 1.10293236e+01, 1.24582716e+01,\n",
              "        3.92795426e+00, 1.66593756e+00, 1.46649156e+01, 2.11923000e+03],\n",
              "       [1.23347239e+01, 7.31576292e+00, 1.44242529e+00, 8.65166415e+00,\n",
              "        7.43744668e+00, 4.11962047e+00, 1.12359540e+00, 5.22046184e+00,\n",
              "        5.08985245e+00, 9.09028694e+00, 1.15951723e+01, 9.94038927e+00,\n",
              "        8.23101848e+00, 1.26223764e+01, 2.78944142e+00, 2.15968000e+03],\n",
              "       [1.03085180e+01, 5.11486882e+00, 1.29586126e+01, 1.49989371e+01,\n",
              "        8.88532258e+00, 7.46690252e+00, 9.55287839e+00, 9.49183830e+00,\n",
              "        2.35029223e+00, 1.14242424e+01, 8.19356684e+00, 7.95188288e+00,\n",
              "        4.63366892e+00, 1.17649340e+01, 9.88139491e+00, 2.20565000e+03],\n",
              "       [1.02650040e+01, 1.14325105e+01, 1.15035603e+01, 6.17220729e+00,\n",
              "        4.41084909e+00, 1.48913440e+01, 1.37208090e+01, 2.34769898e+00,\n",
              "        1.15801466e+00, 4.43344506e+00, 9.65169974e+00, 1.00384417e+01,\n",
              "        7.05055320e+00, 1.17634559e+00, 8.03607350e+00, 2.23814000e+03],\n",
              "       [7.28571795e+00, 1.28792921e+01, 1.33869242e+01, 4.37629327e+00,\n",
              "        4.69776996e+00, 3.90345443e+00, 6.07494472e+00, 1.09116414e+01,\n",
              "        1.16580247e+00, 1.26031091e+01, 5.26870056e+00, 8.78747220e+00,\n",
              "        1.16701135e+01, 1.17050396e+01, 1.13320975e+01, 2.27086000e+03],\n",
              "       [6.16274641e+00, 7.08588118e+00, 9.71091037e+00, 8.44978137e+00,\n",
              "        1.15192572e+01, 2.15421264e+00, 7.60847472e+00, 7.70650300e+00,\n",
              "        3.05412167e+00, 2.82557740e+00, 3.91626324e+00, 5.72200783e+00,\n",
              "        1.28057054e+01, 3.65578919e+00, 4.24937949e+00, 2.29519000e+03],\n",
              "       [8.53337447e+00, 1.93027968e+00, 1.41254974e+01, 4.98667053e+00,\n",
              "        4.90894345e+00, 1.10991861e+01, 9.00180324e+00, 6.00865875e+00,\n",
              "        8.60518553e+00, 6.53465878e+00, 1.35296935e+01, 1.20631123e+01,\n",
              "        8.52954411e+00, 1.06923802e+01, 9.26909141e+00, 2.32492000e+03],\n",
              "       [1.30811676e+01, 2.08889608e+00, 1.49630791e+01, 1.96912203e+00,\n",
              "        1.12892510e+01, 9.85395400e+00, 1.16263621e+01, 1.30260811e+01,\n",
              "        9.65575600e+00, 1.54591156e+00, 2.02586838e+00, 6.47163110e+00,\n",
              "        1.24326211e+01, 7.15907872e+00, 6.61729384e+00, 2.33391000e+03],\n",
              "       [9.00882847e+00, 7.81522003e+00, 3.38889842e+00, 3.01614551e+00,\n",
              "        1.01783323e+01, 1.29825521e+01, 1.03475944e+01, 5.91241252e+00,\n",
              "        4.47318871e+00, 8.57768982e+00, 6.91065952e+00, 2.64664370e+00,\n",
              "        1.18513409e+01, 1.23583524e+01, 1.32692970e+01, 2.38949000e+03],\n",
              "       [9.14022006e+00, 6.76196814e+00, 1.07741437e+01, 3.38536884e+00,\n",
              "        8.74651846e+00, 3.52332180e+00, 1.24114902e+01, 5.92953291e+00,\n",
              "        1.02590006e+01, 2.88809544e+00, 5.41791134e+00, 8.55289654e+00,\n",
              "        6.81623749e+00, 3.61942774e+00, 1.40306269e+01, 2.44782000e+03],\n",
              "       [1.05981846e+00, 1.39328804e+00, 1.01623698e+01, 6.31240923e+00,\n",
              "        1.34521445e+01, 1.38566029e+01, 3.91723562e+00, 5.18570016e+00,\n",
              "        1.40271351e+01, 8.11359315e+00, 2.31709169e+00, 1.46947432e+01,\n",
              "        6.33054272e+00, 1.25684241e+01, 4.25538833e+00, 2.47379000e+03],\n",
              "       [1.23445342e+01, 5.27525415e+00, 9.25086300e+00, 7.91637266e+00,\n",
              "        1.10465826e+00, 1.29249982e+01, 2.54318699e+00, 1.13671813e+01,\n",
              "        1.42300878e+01, 1.34712342e+01, 1.14176046e+01, 1.48876781e+00,\n",
              "        5.86454946e+00, 1.31910956e+01, 7.13286676e+00, 2.52359000e+03],\n",
              "       [6.84395171e+00, 1.33462518e+01, 1.04849120e+01, 1.29253818e+01,\n",
              "        9.58111828e+00, 6.10510714e+00, 1.46517203e+01, 7.06744724e+00,\n",
              "        1.08353168e+01, 1.06970117e+01, 1.35934227e+01, 1.27836867e+01,\n",
              "        2.55316405e+00, 8.32942355e+00, 1.17032111e+01, 2.60937000e+03],\n",
              "       [1.88445356e+00, 7.90864400e+00, 1.03120178e+01, 7.94874585e+00,\n",
              "        4.22889584e+00, 7.89833929e+00, 1.37254372e+01, 5.29239722e+00,\n",
              "        1.31704248e+01, 1.15819828e+01, 4.95147884e+00, 2.57571245e+00,\n",
              "        8.17536508e+00, 6.56684314e+00, 3.43859528e+00, 2.63686000e+03],\n",
              "       [2.04607382e+00, 1.02159260e+01, 2.95349825e+00, 5.52555516e+00,\n",
              "        7.33906537e+00, 1.45578533e+01, 3.91414852e+00, 5.76018904e+00,\n",
              "        3.53621475e+00, 9.39955130e+00, 6.64386327e+00, 1.65354604e+00,\n",
              "        9.58347517e+00, 7.35040713e+00, 1.87569244e+00, 2.65128000e+03],\n",
              "       [7.96919104e+00, 6.23515904e+00, 1.19860506e+01, 5.80029416e+00,\n",
              "        1.10439905e+01, 1.16709724e+01, 3.85095827e+00, 1.01286329e+01,\n",
              "        1.24282971e+01, 1.26383892e+01, 1.83527100e+00, 3.99925316e+00,\n",
              "        1.13300192e+00, 4.92326185e+00, 8.75808015e+00, 2.73983000e+03]])"
            ]
          },
          "execution_count": 9,
          "metadata": {},
          "output_type": "execute_result"
        }
      ],
      "source": [
        "kunangs_w_f = sort_individu(calculate_fitness(kunangs,kota))\n",
        "kunangs_w_f"
      ]
    },
    {
      "cell_type": "code",
      "execution_count": null,
      "metadata": {
        "colab": {
          "base_uri": "https://localhost:8080/",
          "height": 677
        },
        "id": "-XYlVXkS8Hkw",
        "outputId": "7d82285e-9838-4cba-9421-5ffab30c037f"
      },
      "outputs": [
        {
          "data": {
            "text/html": [
              "<div>\n",
              "<style scoped>\n",
